4923  98.958
4935  99.1992
4908  98.6564
4919  98.8775
4862  97.7315
5000  100.506
5062  101.753
4986  100.225
5051  101.532
4966  99.8225
4945  99.4003
5058  101.672
4946  99.4204
4979  100.084
5026  101.029
4890  98.2945
4872  97.9326
5069  101.893
5061  101.733
4985  100.205
4873  97.9527
4945  99.4003
4935  99.1992
4969  99.8828
4815  96.7865
4974  99.9834
4947  99.4405
5006  100.627
4867  97.832
4835  97.1886
4966  99.8225
4866  97.8119
4971  99.9231
4789  96.2637
4975  100.003
4951  99.5209
4912  98.7368
4975  100.003
4839  97.2691
4950  99.5008
5031  101.129
4890  98.2945
4898  98.4553
5019  100.888
5018  100.868
4860  97.6913
5013  100.768
4872  97.9326
5002  100.546
4956  99.6215
4933  99.159
4912  98.7368
4925  98.9982
4909  98.6765
4937  99.2395
4931  99.1188
4907  98.6363
4938  99.2596
5009  100.687
4971  99.9231
4907  98.6363
4949  99.4807
4870  97.8923
4939  99.2797
4925  98.9982
4968  99.8627
5097  102.456
4953  99.5611
4974  99.9834
4955  99.6014
4846  97.4098
4993  100.365
4853  97.5505
4978  100.064
4919  98.8775
5039  101.29
4963  99.7622
4923  98.958
5063  101.773
4977  100.044
5059  101.692
4949  99.4807
4906  98.6162
4900  98.4955
4904  98.5759
4976  100.024
4919  98.8775
4901  98.5156
4876  98.013
4901  98.5156
5043  101.371
5070  101.914
4980  100.104
4921  98.9178
5013  100.768
4943  99.3601
5017  100.848
5139  103.301
5018  100.868
4952  99.541
201  4.01687
201  4.01687
54062  1086.95
55566  1117.19
303  6.06769
0  -0.0244631
0  -0.0244631
0  -0.0244631
0  -0.0244631
0  -0.0244631
0  -0.0244631
0  -0.0244631
0  -0.0244631
0  -0.0244631
0  -0.0244631
0  -0.0244631
0  -0.0244631
0  -0.0244631
0  -0.0244631
6060  121.819
5136  103.241
5329  107.121
5059  101.692
4902  98.5357
2875  57.7806
3622  72.7999
3696  74.2878
3823  76.8412
3950  79.3947
0  -0.0244631
0  -0.0244631
0  -0.0244631
0  -0.0244631
0  -0.0244631
2875  57.7806
3622  72.7999
3696  74.2878
3823  76.8412
3950  79.3947
51919  1043.87
0  -0.0244631
0  -0.0244631
0  -0.0244631
0  -0.0244631
0  -0.0244631
0  -0.0244631
0  -0.0244631
0  -0.0244631
0  -0.0244631
0  -0.0244631
0  -0.0244631
0  -0.0244631
0  -0.0244631
0  -0.0244631
0  -0.0244631
0  -0.0244631
0  -0.0244631
0  -0.0244631
0  -0.0244631
0  -0.0244631
0  -0.0244631
0  -0.0244631
0  -0.0244631
0  -0.0244631
0  -0.0244631
0  -0.0244631
0  -0.0244631
0  -0.0244631
0  -0.0244631
0  -0.0244631
0  -0.0244631
0  -0.0244631
0  -0.0244631
0  -0.0244631
0  -0.0244631
0  -0.0244631
0  -0.0244631
0  -0.0244631
0  -0.0244631
0  -0.0244631
0  -0.0244631
0  -0.0244631
0  -0.0244631
0  -0.0244631
0  -0.0244631
0  -0.0244631
0  -0.0244631
0  -0.0244631
0  -0.0244631
0  -0.0244631
0  -0.0244631
0  -0.0244631
0  -0.0244631
0  -0.0244631
0  -0.0244631
0  -0.0244631
0  -0.0244631
0  -0.0244631
0  -0.0244631
0  -0.0244631
0  -0.0244631
0  -0.0244631
0  -0.0244631
0  -0.0244631
0  -0.0244631
0  -0.0244631
0  -0.0244631
0  -0.0244631
0  -0.0244631
0  -0.0244631
0  -0.0244631
0  -0.0244631
0  -0.0244631
0  -0.0244631
0  -0.0244631
0  -0.0244631
0  -0.0244631
0  -0.0244631
0  -0.0244631
0  -0.0244631
0  -0.0244631
0  -0.0244631
0  -0.0244631
0  -0.0244631
0  -0.0244631
0  -0.0244631
0  -0.0244631
0  -0.0244631
0  -0.0244631
0  -0.0244631
0  -0.0244631
0  -0.0244631
0  -0.0244631
0  -0.0244631
0  -0.0244631
0  -0.0244631
0  -0.0244631
0  -0.0244631
0  -0.0244631
0  -0.0244631
201  4.01687
277  5.54493
231  4.62005
243  4.86132
163  3.25283
201  4.01687
277  5.54493
231  4.62005
243  4.86132
163  3.25283
271  5.4243
271  5.4243
166  3.31315
162  3.23273
268  5.36398
159  3.17241
146  2.91103
226  4.51952
340  6.81162
141  2.8105
125  2.4888
193  3.85602
206  4.1174
91  1.80519
389  7.79682
112  2.22742
228  4.55973
124  2.4687
281  5.62536
162  3.23273
206  4.1174
200  3.99676
142  2.83061
125  2.4888
116  2.30785
201  4.01687
277  5.54493
231  4.62005
243  4.86132
163  3.25283
271  5.4243
271  5.4243
166  3.31315
162  3.23273
268  5.36398
159  3.17241
146  2.91103
226  4.51952
340  6.81162
141  2.8105
125  2.4888
193  3.85602
206  4.1174
91  1.80519
389  7.79682
112  2.22742
228  4.55973
124  2.4687
281  5.62536
162  3.23273
206  4.1174
200  3.99676
142  2.83061
125  2.4888
116  2.30785
180  3.59464
184  3.67506
158  3.1523
124  2.4687
245  4.90154
195  3.89623
86  1.70466
177  3.53432
146  2.91103
295  5.90684
145  2.89092
186  3.71528
266  5.32376
156  3.11209
124  2.4687
165  3.29305
92  1.8253
144  2.87082
152  3.03167
170  3.39358
92  1.8253
142  2.83061
198  3.95655
178  3.55443
231  4.62005
86  1.70466
77  1.52371
320  6.4095
227  4.53963
230  4.59994
344  6.89204
289  5.78621
130  2.58933
287  5.74599
145  2.89092
174  3.474
282  5.64546
217  4.33856
321  6.4296
113  2.24753
305  6.1079
229  4.57984
129  2.56923
260  5.20313
371  7.43491
65  1.28243
193  3.85602
127  2.52901
246  4.92164
106  2.10679
351  7.03279
224  4.47931
180  3.59464
166  3.31315
91  1.80519
170  3.39358
138  2.75018
100  1.98615
155  3.09199
188  3.75549
188  3.75549
293  5.86663
198  3.95655
240  4.80101
244  4.88143
0  -0.0244631
194  3.87612
286  5.72589
233  4.66026
226  4.51952
219  4.37878
162  3.23273
323  6.46981
0  -0.0244631
132  2.62954
173  3.4539
115  2.28774
228  4.55973
218  4.35867
166  3.31315
220  4.39888
225  4.49941
181  3.61474
201  4.01687
241  4.82111
218  4.35867
88  1.74488
196  3.91634
211  4.21793
239  4.7809
151  3.01156
133  2.64965
237  4.74069
213  4.25814
128  2.54912
128  2.54912
294  5.88674
247  4.94175
198  3.95655
155  3.09199
204  4.07719
206  4.1174
160  3.19252
299  5.98727
154  3.07188
257  5.14281
223  4.4592
383  7.67618
185  3.69517
188  3.75549
267  5.34387
146  2.91103
280  5.60525
201  4.01687
266  5.32376
138  2.75018
178  3.55443
133  2.64965
127  2.52901
181  3.61474
234  4.68037
102  2.02636
163  3.25283
194  3.87612
181  3.61474
271  5.4243
236  4.72058
101  2.00626
231  4.62005
126  2.50891
156  3.11209
216  4.31846
161  3.21262
223  4.4592
218  4.35867
233  4.66026
203  4.05708
181  3.61474
215  4.29835
120  2.38827
304  6.0878
160  3.19252
191  3.81581
222  4.4391
99  1.96604
231  4.62005
220  4.39888
196  3.91634
120  2.38827
247  4.94175
295  5.90684
289  5.78621
291  5.82642
60  1.1819
181  3.61474
306  6.12801
155  3.09199
100  1.98615
240  4.80101
133  2.64965
212  4.23803
75  1.4835
225  4.49941
228  4.55973
198  3.95655
248  4.96185
274  5.48461
193  3.85602
133  2.64965
251  5.02217
164  3.27294
248  4.96185
282  5.64546
157  3.1322
148  2.95124
272  5.4444
207  4.1375
234  4.68037
0  -0.0244631
139  2.77029
251  5.02217
107  2.12689
294  5.88674
139  2.77029
236  4.72058
187  3.73538
131  2.60944
173  3.4539
193  3.85602
125  2.4888
338  6.77141
256  5.1227
172  3.43379
144  2.87082
162  3.23273
216  4.31846
252  5.04228
167  3.33326
207  4.1375
66  1.30254
273  5.46451
133  2.64965
291  5.82642
244  4.88143
333  6.67087
184  3.67506
255  5.1026
199  3.97665
160  3.19252
111  2.20732
251  5.02217
306  6.12801
190  3.7957
266  5.32376
236  4.72058
172  3.43379
183  3.65496
152  3.03167
260  5.20313
121  2.40838
149  2.97135
269  5.38408
113  2.24753
161  3.21262
172  3.43379
126  2.50891
203  4.05708
203  4.05708
0  -0.0244631
307  6.14812
214  4.27825
176  3.51421
248  4.96185
358  7.17353
83  1.64434
80  1.58403
132  2.62954
245  4.90154
224  4.47931
274  5.48461
119  2.36817
148  2.95124
169  3.37347
230  4.59994
165  3.29305
184  3.67506
158  3.1523
356  7.13332
266  5.32376
163  3.25283
227  4.53963
130  2.58933
203  4.05708
246  4.92164
228  4.55973
229  4.57984
220  4.39888
140  2.79039
173  3.4539
228  4.55973
207  4.1375
347  6.95236
167  3.33326
120  2.38827
307  6.14812
308  6.16822
125  2.4888
240  4.80101
338  6.77141
240  4.80101
0  -0.0244631
0  -0.0244631
256  5.1227
272  5.4444
194  3.87612
160  3.19252
292  5.84652
162  3.23273
220  4.39888
210  4.19782
271  5.4243
0  -0.0244631
301  6.02748
147  2.93114
0  -0.0244631
241  4.82111
314  6.28886
188  3.75549
167  3.33326
144  2.87082
282  5.64546
223  4.4592
328  6.57034
158  3.1523
323  6.46981
87  1.72477
145  2.89092
228  4.55973
64  1.26233
332  6.65077
181  3.61474
190  3.7957
153  3.05177
180  3.59464
260  5.20313
240  4.80101
252  5.04228
115  2.28774
106  2.10679
92  1.8253
221  4.41899
277  5.54493
157  3.1322
74  1.46339
224  4.47931
252  5.04228
238  4.76079
178  3.55443
192  3.83591
182  3.63485
159  3.17241
133  2.64965
187  3.73538
246  4.92164
118  2.34806
307  6.14812
220  4.39888
148  2.95124
185  3.69517
136  2.70997
140  2.79039
94  1.86551
140  2.79039
248  4.96185
220  4.39888
113  2.24753
99  1.96604
363  7.27406
70  1.38297
0  -0.0244631
246  4.92164
206  4.1174
193  3.85602
182  3.63485
193  3.85602
145  2.89092
186  3.71528
226  4.51952
174  3.474
199  3.97665
117  2.32795
169  3.37347
279  5.58514
230  4.59994
169  3.37347
164  3.27294
249  4.98196
256  5.1227
170  3.39358
289  5.78621
125  2.4888
159  3.17241
294  5.88674
218  4.35867
162  3.23273
141  2.8105
220  4.39888
183  3.65496
252  5.04228
67  1.32265
182  3.63485
121  2.40838
271  5.4243
142  2.83061
254  5.08249
143  2.85071
235  4.70048
158  3.1523
100  1.98615
211  4.21793
269  5.38408
219  4.37878
226  4.51952
123  2.44859
172  3.43379
147  2.93114
115  2.28774
138  2.75018
156  3.11209
63  1.24222
235  4.70048
128  2.54912
203  4.05708
252  5.04228
144  2.87082
162  3.23273
208  4.15761
266  5.32376
247  4.94175
169  3.37347
190  3.7957
127  2.52901
164  3.27294
183  3.65496
184  3.67506
234  4.68037
0  -0.0244631
159  3.17241
183  3.65496
217  4.33856
92  1.8253
235  4.70048
171  3.41368
152  3.03167
211  4.21793
121  2.40838
116  2.30785
235  4.70048
236  4.72058
245  4.90154
160  3.19252
107  2.12689
102  2.02636
260  5.20313
0  -0.0244631
214  4.27825
355  7.11321
166  3.31315
178  3.55443
257  5.14281
378  7.57565
210  4.19782
151  3.01156
156  3.11209
142  2.83061
155  3.09199
189  3.77559
283  5.66557
205  4.09729
0  -0.0244631
187  3.73538
290  5.80631
223  4.4592
86  1.70466
160  3.19252
146  2.91103
221  4.41899
108  2.147
295  5.90684
295  5.90684
201  4.01687
129  2.56923
270  5.40419
121  2.40838
288  5.7661
0  -0.0244631
276  5.52483
186  3.71528
218  4.35867
100  1.98615
147  2.93114
134  2.66976
203  4.05708
223  4.4592
201  4.01687
87  1.72477
149  2.97135
167  3.33326
216  4.31846
173  3.4539
189  3.77559
205  4.09729
263  5.26345
310  6.20843
181  3.61474
177  3.53432
102  2.02636
197  3.93644
152  3.03167
198  3.95655
0  -0.0244631
332  6.65077
275  5.50472
176  3.51421
206  4.1174
281  5.62536
278  5.56504
107  2.12689
301  6.02748
117  2.32795
331  6.63066
188  3.75549
189  3.77559
172  3.43379
129  2.56923
228  4.55973
153  3.05177
26  0.498296
233  4.66026
224  4.47931
84  1.66445
174  3.474
123  2.44859
207  4.1375
163  3.25283
189  3.77559
212  4.23803
172  3.43379
246  4.92164
109  2.1671
248  4.96185
123  2.44859
355  7.11321
205  4.09729
0  -0.0244631
167  3.33326
153  3.05177
224  4.47931
299  5.98727
226  4.51952
117  2.32795
112  2.22742
178  3.55443
131  2.60944
189  3.77559
198  3.95655
193  3.85602
151  3.01156
344  6.89204
425  8.52064
171  3.41368
201  4.01687
118  2.34806
221  4.41899
418  8.3799
131  2.60944
165  3.29305
212  4.23803
179  3.57453
313  6.26875
271  5.4243
178  3.55443
113  2.24753
292  5.84652
170  3.39358
187  3.73538
243  4.86132
284  5.68567
250  5.00207
44  0.860206
299  5.98727
62  1.22212
218  4.35867
296  5.92695
103  2.04647
130  2.58933
176  3.51421
379  7.59576
303  6.06769
370  7.4148
352  7.05289
271  5.4243
207  4.1375
221  4.41899
171  3.41368
293  5.86663
233  4.66026
113  2.24753
229  4.57984
123  2.44859
199  3.97665
133  2.64965
175  3.49411
310  6.20843
152  3.03167
109  2.1671
77  1.52371
320  6.4095
227  4.53963
230  4.59994
344  6.89204
289  5.78621
130  2.58933
287  5.74599
145  2.89092
174  3.474
77  1.52371
320  6.4095
227  4.53963
230  4.59994
344  6.89204
289  5.78621
130  2.58933
287  5.74599
145  2.89092
174  3.474
