50  0.980843
28  0.538508
49  0.960737
46  0.900418
49  0.960737
48  0.940631
33  0.639039
55  1.08137
55  1.08137
45  0.880312
45  0.880312
32  0.618933
53  1.04116
44  0.860206
38  0.739569
51  1.00095
39  0.759676
41  0.799888
37  0.719463
42  0.819994
38  0.739569
33  0.639039
51  1.00095
51  1.00095
43  0.8401
46  0.900418
37  0.719463
51  1.00095
45  0.880312
51  1.00095
30  0.57872
47  0.920525
50  0.980843
44  0.860206
38  0.739569
45  0.880312
42  0.819994
45  0.880312
36  0.699357
43  0.8401
47  0.920525
53  1.04116
44  0.860206
49  0.960737
33  0.639039
28  0.538508
36  0.699357
35  0.679251
45  0.880312
34  0.659145
35  0.679251
44  0.860206
43  0.8401
53  1.04116
44  0.860206
47  0.920525
57  1.12159
37  0.719463
61  1.20201
64  1.26233
49  0.960737
34  0.659145
46  0.900418
27  0.518402
50  0.980843
44  0.860206
27  0.518402
40  0.779782
49  0.960737
40  0.779782
48  0.940631
39  0.759676
47  0.920525
31  0.598827
33  0.639039
35  0.679251
57  1.12159
50  0.980843
29  0.558614
36  0.699357
53  1.04116
32  0.618933
53  1.04116
44  0.860206
52  1.02106
35  0.679251
45  0.880312
33  0.639039
40  0.779782
41  0.799888
44  0.860206
52  1.02106
45  0.880312
36  0.699357
49  0.960737
42  0.819994
31  0.598827
36  0.699357
47  0.920525
53  1.04116
68  1.34275
68  1.34275
1473  29.5919
846  16.9853
229  4.57984
97846  1967.28
100656  2023.78
101080  2032.3
93874  1887.42
99353  1997.58
99262  1995.75
102392  2058.68
101746  2045.69
100064  2011.87
9459  190.159
9678  194.563
10193  204.917
9640  193.799
9976  200.554
257  5.14281
412  8.25926
719  14.4318
366  7.33438
479  9.60637
3276  65.8432
3224  64.7977
4158  83.5768
3217  64.6569
3833  77.0423
9782  196.654
10013  201.298
9888  198.785
10693  214.97
9401  188.993
3276  65.8432
3224  64.7977
4158  83.5768
3217  64.6569
3833  77.0423
9454  190.059
353  7.073
744  14.9345
551  11.054
366  7.33438
937  18.815
363  7.27406
643  12.9038
622  12.4815
468  9.3852
485  9.72701
762  15.2964
718  14.4117
354  7.0931
293  5.86663
613  12.3006
512  10.2699
501  10.0487
581  11.6572
629  12.6223
515  10.3302
464  9.30478
383  7.67618
486  9.74711
549  11.0138
556  11.1545
307  6.14812
584  11.7175
632  12.6826
262  5.24334
455  9.12382
612  12.2805
434  8.70159
771  15.4774
477  9.56616
463  9.28467
479  9.60637
641  12.8636
447  8.96297
456  9.14393
494  9.90796
877  17.6086
788  15.8192
467  9.36509
462  9.26456
359  7.19363
549  11.0138
408  8.17883
595  11.9387
628  12.6022
652  13.0847
466  9.34499
727  14.5927
421  8.44021
404  8.09841
271  5.4243
535  10.7323
591  11.8583
313  6.26875
408  8.17883
373  7.47512
532  10.672
430  8.62117
703  14.1101
762  15.2964
514  10.3101
349  6.99257
832  16.7038
795  15.9599
309  6.18833
493  9.88785
482  9.66669
124  2.4687
487  9.76722
626  12.562
446  8.94287
432  8.66138
571  11.4561
320  6.4095
345  6.91215
515  10.3302
541  10.8529
500  10.0286
737  14.7937
494  9.90796
355  7.11321
413  8.27936
613  12.3006
289  5.78621
398  7.97777
206  4.1174
413  8.27936
559  11.2149
389  7.79682
498  9.98838
519  10.4106
616  12.3609
456  9.14393
802  16.1006
485  9.72701
328  6.57034
68  1.34275
149  2.97135
72  1.42318
194  3.87612
314  6.28886
68  1.34275
149  2.97135
72  1.42318
194  3.87612
314  6.28886
376  7.53544
108  2.147
120  2.38827
214  4.27825
0  -0.0244631
293  5.86663
61  1.20201
110  2.18721
177  3.53432
149  2.97135
101  2.00626
358  7.17353
285  5.70578
68  1.34275
112  2.22742
120  2.38827
145  2.89092
93  1.84541
161  3.21262
181  3.61474
290  5.80631
244  4.88143
205  4.09729
50  0.980843
98  1.94594
68  1.34275
149  2.97135
72  1.42318
194  3.87612
314  6.28886
376  7.53544
108  2.147
120  2.38827
214  4.27825
0  -0.0244631
293  5.86663
61  1.20201
110  2.18721
177  3.53432
149  2.97135
101  2.00626
358  7.17353
285  5.70578
68  1.34275
112  2.22742
120  2.38827
145  2.89092
93  1.84541
161  3.21262
181  3.61474
290  5.80631
244  4.88143
205  4.09729
50  0.980843
98  1.94594
57  1.12159
106  2.10679
119  2.36817
257  5.14281
47  0.920525
184  3.67506
185  3.69517
259  5.18302
128  2.54912
80  1.58403
187  3.73538
392  7.85714
255  5.1026
160  3.19252
179  3.57453
73  1.44328
204  4.07719
184  3.67506
238  4.76079
383  7.67618
80  1.58403
327  6.55024
202  4.03697
126  2.50891
167  3.33326
137  2.73008
88  1.74488
91  1.80519
159  3.17241
82  1.62424
124  2.4687
84  1.66445
274  5.48461
217  4.33856
106  2.10679
113  2.24753
196  3.91634
16  0.297235
205  4.09729
127  2.52901
197  3.93644
114  2.26763
51  1.00095
141  2.8105
149  2.97135
94  1.86551
64  1.26233
77  1.52371
191  3.81581
181  3.61474
242  4.84122
298  5.96716
150  2.99145
294  5.88674
201  4.01687
74  1.46339
266  5.32376
158  3.1523
235  4.70048
196  3.91634
97  1.92583
289  5.78621
303  6.06769
170  3.39358
227  4.53963
758  15.216
179  3.57453
99  1.96604
46  0.900418
130  2.58933
248  4.96185
193  3.85602
152  3.03167
447  8.96297
178  3.55443
99  1.96604
46  0.900418
66  1.30254
226  4.51952
30  0.57872
103  2.04647
110  2.18721
140  2.79039
113  2.24753
36  0.699357
61  1.20201
116  2.30785
144  2.87082
69  1.36286
41  0.799888
172  3.43379
193  3.85602
123  2.44859
213  4.25814
71  1.40307
6  0.0961736
293  5.86663
62  1.22212
256  5.1227
191  3.81581
79  1.56392
118  2.34806
183  3.65496
111  2.20732
83  1.64434
229  4.57984
149  2.97135
191  3.81581
19  0.357553
33  0.639039
101  2.00626
104  2.06657
166  3.31315
226  4.51952
131  2.60944
74  1.46339
98  1.94594
61  1.20201
77  1.52371
126  2.50891
121  2.40838
227  4.53963
36  0.699357
89  1.76498
246  4.92164
29  0.558614
173  3.4539
141  2.8105
51  1.00095
45  0.880312
271  5.4243
132  2.62954
155  3.09199
110  2.18721
53  1.04116
119  2.36817
267  5.34387
78  1.54381
112  2.22742
207  4.1375
45  0.880312
232  4.64016
175  3.49411
206  4.1174
130  2.58933
47  0.920525
73  1.44328
115  2.28774
231  4.62005
23  0.437978
49  0.960737
290  5.80631
188  3.75549
95  1.88562
151  3.01156
117  2.32795
183  3.65496
217  4.33856
176  3.51421
98  1.94594
131  2.60944
141  2.8105
214  4.27825
134  2.66976
53  1.04116
110  2.18721
382  7.65607
150  2.99145
109  2.1671
193  3.85602
63  1.24222
244  4.88143
88  1.74488
148  2.95124
150  2.99145
205  4.09729
228  4.55973
302  6.04759
433  8.68149
166  3.31315
162  3.23273
32  0.618933
123  2.44859
127  2.52901
244  4.88143
134  2.66976
118  2.34806
138  2.75018
142  2.83061
96  1.90572
63  1.24222
157  3.1322
180  3.59464
45  0.880312
229  4.57984
114  2.26763
181  3.61474
204  4.07719
89  1.76498
88  1.74488
177  3.53432
217  4.33856
129  2.56923
246  4.92164
115  2.28774
285  5.70578
258  5.16292
247  4.94175
82  1.62424
153  3.05177
144  2.87082
175  3.49411
178  3.55443
63  1.24222
103  2.04647
143  2.85071
65  1.28243
119  2.36817
162  3.23273
145  2.89092
180  3.59464
94  1.86551
76  1.5036
162  3.23273
177  3.53432
174  3.474
43  0.8401
273  5.46451
382  7.65607
160  3.19252
190  3.7957
166  3.31315
123  2.44859
216  4.31846
155  3.09199
20  0.377659
134  2.66976
57  1.12159
64  1.26233
147  2.93114
39  0.759676
204  4.07719
177  3.53432
47  0.920525
59  1.1618
62  1.22212
133  2.64965
113  2.24753
186  3.71528
164  3.27294
101  2.00626
97  1.92583
151  3.01156
151  3.01156
263  5.26345
117  2.32795
178  3.55443
174  3.474
121  2.40838
122  2.42848
190  3.7957
158  3.1523
183  3.65496
49  0.960737
242  4.84122
111  2.20732
211  4.21793
96  1.90572
107  2.12689
137  2.73008
453  9.08361
187  3.73538
242  4.84122
240  4.80101
183  3.65496
174  3.474
108  2.147
49  0.960737
44  0.860206
174  3.474
104  2.06657
227  4.53963
270  5.40419
83  1.64434
454  9.10372
222  4.4391
306  6.12801
163  3.25283
152  3.03167
240  4.80101
181  3.61474
121  2.40838
93  1.84541
373  7.47512
356  7.13332
63  1.24222
136  2.70997
75  1.4835
144  2.87082
70  1.38297
235  4.70048
44  0.860206
237  4.74069
183  3.65496
80  1.58403
172  3.43379
145  2.89092
130  2.58933
120  2.38827
126  2.50891
112  2.22742
101  2.00626
132  2.62954
148  2.95124
220  4.39888
123  2.44859
161  3.21262
93  1.84541
90  1.78509
227  4.53963
221  4.41899
64  1.26233
232  4.64016
149  2.97135
121  2.40838
121  2.40838
175  3.49411
77  1.52371
61  1.20201
261  5.22323
113  2.24753
86  1.70466
72  1.42318
31  0.598827
357  7.15342
110  2.18721
87  1.72477
104  2.06657
280  5.60525
198  3.95655
137  2.73008
153  3.05177
270  5.40419
6  0.0961736
292  5.84652
78  1.54381
271  5.4243
141  2.8105
14  0.257023
255  5.1026
201  4.01687
107  2.12689
244  4.88143
52  1.02106
139  2.77029
28  0.538508
226  4.51952
285  5.70578
231  4.62005
174  3.474
201  4.01687
180  3.59464
149  2.97135
146  2.91103
212  4.23803
85  1.68456
96  1.90572
51  1.00095
39  0.759676
60  1.1819
131  2.60944
117  2.32795
144  2.87082
192  3.83591
170  3.39358
86  1.70466
82  1.62424
102  2.02636
100  1.98615
128  2.54912
117  2.32795
346  6.93225
282  5.64546
298  5.96716
39  0.759676
108  2.147
378  7.57565
145  2.89092
49  0.960737
139  2.77029
127  2.52901
227  4.53963
98  1.94594
72  1.42318
202  4.03697
82  1.62424
117  2.32795
273  5.46451
136  2.70997
244  4.88143
302  6.04759
175  3.49411
125  2.4888
119  2.36817
136  2.70997
185  3.69517
785  15.7588
180  3.59464
175  3.49411
17  0.317341
74  1.46339
136  2.70997
44  0.860206
112  2.22742
230  4.59994
62  1.22212
133  2.64965
184  3.67506
64  1.26233
169  3.37347
130  2.58933
130  2.58933
123  2.44859
61  1.20201
145  2.89092
189  3.77559
95  1.88562
57  1.12159
96  1.90572
189  3.77559
126  2.50891
107  2.12689
132  2.62954
174  3.474
163  3.25283
314  6.28886
99  1.96604
199  3.97665
199  3.97665
382  7.65607
105  2.08668
35  0.679251
126  2.50891
60  1.1819
165  3.29305
204  4.07719
58  1.14169
215  4.29835
37  0.719463
200  3.99676
172  3.43379
37  0.719463
100  1.98615
193  3.85602
228  4.55973
379  7.59576
137  2.73008
182  3.63485
317  6.34918
220  4.39888
416  8.33968
83  1.64434
182  3.63485
153  3.05177
156  3.11209
143  2.85071
179  3.57453
116  2.30785
234  4.68037
79  1.56392
168  3.35337
101  2.00626
145  2.89092
18  0.337447
56  1.10148
38  0.739569
74  1.46339
134  2.66976
210  4.19782
81  1.60413
528  10.5916
171  3.41368
62  1.22212
78  1.54381
172  3.43379
139  2.77029
90  1.78509
66  1.30254
228  4.55973
260  5.20313
71  1.40307
115  2.28774
97  1.92583
169  3.37347
180  3.59464
158  3.1523
358  7.17353
84  1.66445
41  0.799888
218  4.35867
162  3.23273
76  1.5036
48  0.940631
114  2.26763
255  5.1026
103  2.04647
121  2.40838
407  8.15873
42  0.819994
97  1.92583
68  1.34275
46  0.900418
88  1.74488
45  0.880312
510  10.2297
201  4.01687
150  2.99145
89  1.76498
161  3.21262
111  2.20732
168  3.35337
144  2.87082
168  3.35337
225  4.49941
29  0.558614
98  1.94594
307  6.14812
154  3.07188
99  1.96604
155  3.09199
114  2.26763
129  2.56923
172  3.43379
155  3.09199
238  4.76079
140  2.79039
149  2.97135
328  6.57034
98  1.94594
77  1.52371
57  1.12159
183  3.65496
20  0.377659
149  2.97135
134  2.66976
278  5.56504
205  4.09729
22  0.417872
290  5.80631
48  0.940631
83  1.64434
130  2.58933
2  0.0157491
115  2.28774
82  1.62424
90  1.78509
157  3.1322
87  1.72477
132  2.62954
219  4.37878
136  2.70997
86  1.70466
72  1.42318
71  1.40307
274  5.48461
306  6.12801
187  3.73538
101  2.00626
113  2.24753
113  2.24753
69  1.36286
99  1.96604
192  3.83591
106  2.10679
327  6.55024
156  3.11209
88  1.74488
91  1.80519
159  3.17241
82  1.62424
124  2.4687
84  1.66445
274  5.48461
217  4.33856
106  2.10679
113  2.24753
88  1.74488
91  1.80519
159  3.17241
82  1.62424
124  2.4687
84  1.66445
274  5.48461
217  4.33856
106  2.10679
113  2.24753
